
Quadrature and Phase of field
2.714113545764139e-14 0.44268872468519094
3.090162177195003e-14 0.500589717251342
3.52303257738901e-14 0.5587444416102956
4.021992886044358e-14 0.6170950237285502
4.5979286191000964e-14 0.6755843771461651
5.2636448765685017e-14 0.734154790656279
6.034230593704432e-14 0.7927460441964991
6.927500171445858e-14 0.8512929298300288
7.964533324163897e-14 0.9097220149854993
9.170342568151737e-14 0.967947433846949
1.0574711852592354e-13 1.025865431949021
1.221327371797631e-13 1.0833473256147241
1.4128934293153704e-13 1.1402304820776294
1.6373830802640904e-13 1.1963069121869576
1.9012145022911397e-13 1.251309146874539
2.2124356657726488e-13 1.3048933729763792
2.581402102805961e-13 1.3566205983466038
3.0219139228205834e-13 1.4059385301468708
3.553217368415868e-13 1.4521713173825068
4.2036871585712945e-13 1.494534547138979
5.01787717427803e-13 1.5322154324083785
6.070509336833385e-13 1.564603382493842
7.495090951548023e-13 -1.5497638000874696
9.543998220878973e-13 -1.5257727385812054
1.2717868357935552e-12 -1.4996959922077635
1.8054246854653242e-12 -1.4615117257542583
2.7809101283794276e-12 -1.397603269637655
4.7192482704356504e-12 -1.2959134344316305
8.91644712301962e-12 -1.1523954394613598
1.8904242504692008e-11 -0.9725617942715993
4.5622721066339465e-11 -0.766567945256097
1.3083129121278467e-10 -0.544228827304781
5.065223401101095e-10 -0.31734157794416035
4.055398273917989e-09 -0.11370666908124262
8.093656292189697e-06 -1.332496083153363
4.055398273917989e-09 -0.11370666908124262
5.097679941385758e-10 -0.3164518965918232
1.3083129121278467e-10 -0.544228827304781
4.5622721066339465e-11 -0.766567945256097
1.8904242504692008e-11 -0.9725617942715993
8.913977752782452e-12 -1.1524607209246376
4.7192482704356504e-12 -1.2959134344316305
2.7809101283794276e-12 -1.397603269637655
1.8054246854653242e-12 -1.4615117257542583
1.270183002951733e-12 -1.4998161307729705
9.543998220878973e-13 -1.5257727385812054
7.495090951548023e-13 -1.5497638000874696
6.070509336833385e-13 1.564603382493842
5.01787717427803e-13 1.5322154324083785
4.2036871585712945e-13 1.494534547138979
3.553217368415868e-13 1.4521713173825068
3.0219139228205834e-13 1.4059385301468708
2.581402102805961e-13 1.3566205983466038
2.2124356657726488e-13 1.3048933729763792
1.9012145022911397e-13 1.251309146874539
1.6373830802640904e-13 1.1963069121869576
1.4128934293153704e-13 1.1402304820776294
1.221327371797631e-13 1.0833473256147241
1.0574711852592354e-13 1.025865431949021
9.170342568151737e-14 0.967947433846949
7.964533324163897e-14 0.9097220149854993
6.927500171445858e-14 0.8512929298300288
6.034230593704432e-14 0.7927460441964991
5.2636448765685017e-14 0.734154790656279
4.5979286191000964e-14 0.6755843771461651
4.021992886044358e-14 0.6170950237285502
3.52303257738901e-14 0.5587444416102956
3.090162177195003e-14 0.500589717251342
2.714113545764139e-14 0.44268872468519094
2.3869840835719064e-14 0.3851011586795991
2.102026166532242e-14 0.32788925977064676
1.8534706223667704e-14 0.27111828842796093
1.6363784199765067e-14 0.21485679313912806
1.4465158290986032e-14 0.1591767120808745
1.2802491634645781e-14 0.10415334193436909
1.134455899581743e-14 0.0498652039955953
1.006449519361333e-14 -0.0036061640297246093
8.939158668116715e-15 -0.056176469839072
7.948591883060543e-15 -0.10775895654341931
7.075563176179788e-15 -0.1582647047765953
6.3051772952497874e-15 -0.20760293187727466
3.621411976344079e-15 1.3417937365839367
4.312321109232274e-15 1.42226713071681
5.143612251662105e-15 1.5026229960473585
6.145107819053923e-15 -1.5588016169390568
7.353242010459366e-15 -1.478876900686706
8.812592773989796e-15 -1.3992380106055207
1.0577772516636215e-14 -1.31991735760164
1.271575456603957e-14 -1.2409423141048157
1.5308731889037236e-14 -1.162343984029924
1.845764597661984e-14 -1.084171805726323
2.228662589123902e-14 -1.0065164628977417
2.6948826411354382e-14 -0.9295432911945196
3.26347356273825e-14 -0.8535366617453214
3.9585305413913434e-14 -0.7789510460307679
4.811493044427522e-14 -0.7064536615590408
5.865450808413756e-14 -0.6369215989089344
7.183408471786614e-14 -0.5713167788026458
8.863884986289675e-14 -0.510306106749681
1.1068842305850343e-13 -0.4534605804517303
1.406944480870959e-13 -0.39798560278537887
1.831232480236643e-13 -0.33739586565577373
2.4503316901825434e-13 -0.261216169715625
3.370779892776185e-13 -0.15670654677178125
4.750023321876635e-13 -0.012075722437702106
6.829513182428916e-13 0.18058170271163806
1.0024822071290174e-12 0.4230806958425142
1.518264514313002e-12 0.7077889935850469
2.4337463941948765e-12 1.0120466553240466
4.320014581219866e-12 1.2981889466739662
9.084590133633876e-12 1.5408604068938598
2.4171553422401496e-11 -1.3666750417987836
8.35387447443417e-11 -1.07112401530478
3.994264906629912e-10 -0.6928640298497301
3.796796221664903e-09 -0.28173892737071116
2.9888703538499148e-06 0.07041318480431256
3.796796221664903e-09 -0.28173892737071116
4.023105793660991e-10 -0.691226254363679
8.35387447443417e-11 -1.07112401530478
2.4171553422401496e-11 -1.3666750417987836
9.084590133633876e-12 1.5408604068938598
4.318898820507257e-12 1.298082986383237
2.4337463941948765e-12 1.0120466553240466
1.518264514313002e-12 0.7077889935850469
1.0024822071290174e-12 0.4230806958425142
6.819340349638381e-13 0.1797104797352461
4.750023321876635e-13 -0.012075722437702106
3.370779892776185e-13 -0.15670654677178125
2.4503316901825434e-13 -0.261216169715625
1.831232480236643e-13 -0.33739586565577373
1.406944480870959e-13 -0.39798560278537887
1.1068842305850343e-13 -0.4534605804517303
8.863884986289675e-14 -0.510306106749681
7.183408471786614e-14 -0.5713167788026458
5.865450808413756e-14 -0.6369215989089344
4.811493044427522e-14 -0.7064536615590408
3.9585305413913434e-14 -0.7789510460307679
3.26347356273825e-14 -0.8535366617453214
2.6948826411354382e-14 -0.9295432911945196
2.228662589123902e-14 -1.0065164628977417
1.845764597661984e-14 -1.084171805726323
1.5308731889037236e-14 -1.162343984029924
1.271575456603957e-14 -1.2409423141048157
1.0577772516636215e-14 -1.31991735760164
8.812592773989796e-15 -1.3992380106055207
7.353242010459366e-15 -1.478876900686706
6.145107819053923e-15 -1.5588016169390568
5.143612251662105e-15 1.5026229960473585
4.312321109232274e-15 1.42226713071681
3.621411976344079e-15 1.3417937365839367
3.0464358811789647e-15 1.261289203016586
2.5673175133437164e-15 1.1808570954225661
2.1675479797458174e-15 1.1006191007374995
1.8335322224733373e-15 1.0207158023560001
1.5540605436867595e-15 0.9413071813844971
1.3198796458082986e-15 0.8625727224479669
1.123343585416738e-15 0.784711042079895
9.58129049941678e-16 0.7079389677745572
8.190025901892574e-16 0.6324900486308084
7.016298721095419e-16 0.5586125349264776
6.024190650366055e-16 0.4865669030083663
5.18391959541252e-16 0.4166230584899876
8.439401527476848e-16 -0.13290582096330567
1.0313240549548182e-15 -0.038307143882903245
1.2623340053554402e-15 0.05582146681361698
1.5474196719775827e-15 0.14944184272193906
1.8996152582683402e-15 0.24253079890547932
2.335212585523766e-15 0.33507740133936464
2.874622466334108e-15 0.42708189306388034
3.5434786597548275e-15 0.5185566708175872
4.374047585570975e-15 0.60952924036057
5.407008542982976e-15 0.7000458801865991
6.69365083149012e-15 0.7901721563980572
8.298485099278994e-15 0.8799821694314551
1.0302189929799357e-14 0.969522283988136
1.2804783582689528e-14 1.0587283529099387
1.5929197367806843e-14 1.1472709678532458
1.9826801597870856e-14 1.2343077396930595
2.469078973563205e-14 1.318150325227244
3.079485455310289e-14 1.3959471786670432
3.860110410465673e-14 1.4637424695427432
4.9031091857217116e-14 1.5178555859278344
6.405100001267949e-14 1.5591939907985535
8.768374414127382e-14 -1.5409884505027969
1.2730882941080795e-13 -1.4711357194305092
1.9505786843052758e-13 -1.338551675969388
3.1019640364501163e-13 -1.1180066426244368
5.059327526797911e-13 -0.7979623591573707
8.502279373890936e-13 -0.37985353271361205
1.5062295531464229e-12 0.11417566726346248
2.898093331434374e-12 0.6291862541291326
6.256177012262647e-12 1.0875122929083412
1.6379235847504253e-11 1.441292327414271
5.930673684502286e-11 -1.377376131917139
3.240893944220711e-10 -0.9474013319455173
3.5501577860782643e-09 -0.41457738453118215
2.0887252590662277e-06 1.5083432536610437
3.5501577860782643e-09 -0.41457738453118215
3.266277920568961e-10 -0.9454098243175977
5.930673684502286e-11 -1.377376131917139
1.6379235847504253e-11 1.441292327414271
6.256177012262647e-12 1.0875122929083412
2.897276163850428e-12 0.6289863605313695
1.5062295531464229e-12 0.11417566726346248
8.502279373890936e-13 -0.37985353271361205
5.059327526797911e-13 -0.7979623591573707
3.0960466070036183e-13 -1.1190834548064579
1.9505786843052758e-13 -1.338551675969388
1.2730882941080795e-13 -1.4711357194305092
8.768374414127382e-14 -1.5409884505027969
6.405100001267949e-14 1.5591939907985535
4.9031091857217116e-14 1.5178555859278344
3.860110410465673e-14 1.4637424695427432
3.079485455310289e-14 1.3959471786670432
2.469078973563205e-14 1.318150325227244
1.9826801597870856e-14 1.2343077396930595
1.5929197367806843e-14 1.1472709678532458
1.2804783582689528e-14 1.0587283529099387
1.0302189929799357e-14 0.969522283988136
8.298485099278994e-15 0.8799821694314551
6.69365083149012e-15 0.7901721563980572
5.407008542982976e-15 0.7000458801865991
4.374047585570975e-15 0.60952924036057
3.5434786597548275e-15 0.5185566708175872
2.874622466334108e-15 0.42708189306388034
2.335212585523766e-15 0.33507740133936464
1.8996152582683402e-15 0.24253079890547932
1.5474196719775827e-15 0.14944184272193906
1.2623340053554402e-15 0.05582146681361698
1.0313240549548182e-15 -0.038307143882903245
8.439401527476848e-16 -0.13290582096330567
6.917894885609282e-16 -0.22791757737336485
5.681206409634122e-16 -0.3232620918380203
4.674951892964412e-16 -0.4188307639698651
3.8552715652673733e-16 -0.514481976827841
3.18675722771381e-16 -0.6100366198612959
2.640798821542776e-16 -0.7052745048339649
2.1942624157553995e-16 -0.7999319361112501
1.8284314088712574e-16 -0.893701046669157
1.5281567749688311e-16 -0.9862309796976354
1.281173800295994e-16 -1.0771313060815493
1.0775519079984672e-16 -1.1659774981192321
9.092503881360451e-17 -1.252318334943393
2.437794065371787e-17 -0.5492424333637349
3.148000937500647e-17 -0.4251953063790265
4.0686602597064376e-17 -0.3019965802455464
5.262776339616691e-17 -0.17954627842640145
6.812548287539063e-17 -0.057753289223836914
8.825382700074109e-17 0.06346362874930837
1.144184204117159e-16 0.18417389983736188
1.4846217794812652e-16 0.304435926176245
1.9280593595577277e-16 0.42429657642823265
2.506363343176895e-16 0.5437902649749863
3.2615785522842873e-16 0.6629353774696727
4.2493470437036325e-16 0.7817276331185491
5.543639893445223e-16 0.9001358214849193
7.243488610730636e-16 1.0181176711184694
9.482706807872461e-16 1.1356910331273764
1.2443309046662115e-15 1.2530949838465513
1.6370542826840764e-15 1.3709958419621042
2.1578750791909572e-15 1.4904499489017398
2.8422580290417455e-15 -1.52968808251161
3.7212410631205195e-15 -1.4094984533974881
4.819735097785653e-15 -1.303831719833406
6.245145667419123e-15 -1.2429561086889291
8.657010904261434e-15 -1.254313665787346
1.4369043648046654e-14 -1.2585506629428675
2.8010766716428167e-14 -1.076744415125607
5.738007017082278e-14 -0.6391634501957765
1.2141960920544853e-13 0.04464565634948602
2.867300270055901e-13 0.924230735468415
7.933582799333941e-13 -1.2707376459096256
2.4245245898189957e-12 -0.36442688915545446
7.808131647788262e-12 0.4549555726491736
2.9143164294534724e-11 1.1086386286057224
1.837898277307972e-10 -1.5033426893130686
2.852505175021569e-09 -0.7609049736401906
7.232356650538233e-08 0.7024298665861234
2.852505175021569e-09 -0.7609049736401906
1.8544565835079482e-10 -1.500953756506872
2.9143164294534724e-11 1.1086386286057224
7.808131647788262e-12 0.4549555726491736
2.4245245898189957e-12 -0.36442688915545446
7.930152132985658e-13 -1.2711122398949293
2.867300270055901e-13 0.924230735468415
1.2141960920544853e-13 0.04464565634948602
5.738007017082278e-14 -0.6391634501957765
2.793182610369668e-14 -1.0779779108246996
1.4369043648046654e-14 -1.2585506629428675
8.657010904261434e-15 -1.254313665787346
6.245145667419123e-15 -1.2429561086889291
4.819735097785653e-15 -1.303831719833406
3.7212410631205195e-15 -1.4094984533974881
2.8422580290417455e-15 -1.52968808251161
2.1578750791909572e-15 1.4904499489017398
1.6370542826840764e-15 1.3709958419621042
1.2443309046662115e-15 1.2530949838465513
9.482706807872461e-16 1.1356910331273764
7.243488610730636e-16 1.0181176711184694
5.543639893445223e-16 0.9001358214849193
4.2493470437036325e-16 0.7817276331185491
3.2615785522842873e-16 0.6629353774696727
2.506363343176895e-16 0.5437902649749863
1.9280593595577277e-16 0.42429657642823265
1.4846217794812652e-16 0.304435926176245
1.144184204117159e-16 0.18417389983736188
8.825382700074109e-17 0.06346362874930837
6.812548287539063e-17 -0.057753289223836914
5.262776339616691e-17 -0.17954627842640145
4.0686602597064376e-17 -0.3019965802455464
3.148000937500647e-17 -0.4251953063790265
2.437794065371787e-17 -0.5492424333637349
1.889682239371249e-17 -0.6742418546754004
1.4665059991432276e-17 -0.8002955850599095
1.1396797763211195e-17 -0.9274941950801205
8.871889359865224e-18 -1.0559049885559435
6.920670121805415e-18 -1.185550872982876
5.412254808736736e-18 -1.316390647377963
4.245611456879137e-18 -1.4482871547924603
3.3427069571148387e-18 1.560609455120341
2.6432415255797313e-18 1.427529987128986
2.1006154523119974e-18 1.2946661330932714
1.6788198365861896e-18 1.1628068085528147
1.350062178544879e-18 1.0329384160560473
