1
  -1500.00000       0.00000000       950.000000 
81
  -10000.0000       0.00000000       1001.00000    
  -9750.00000       0.00000000       1001.00000    
  -9500.00000       0.00000000       1001.00000    
  -9250.00000       0.00000000       1001.00000    
  -9000.00000       0.00000000       1001.00000    
  -8750.00000       0.00000000       1001.00000    
  -8500.00000       0.00000000       1001.00000    
  -8250.00000       0.00000000       1001.00000    
  -8000.00000       0.00000000       1001.00000    
  -7750.00000       0.00000000       1001.00000    
  -7500.00000       0.00000000       1001.00000    
  -7250.00000       0.00000000       1001.00000    
  -7000.00000       0.00000000       1001.00000    
  -6750.00000       0.00000000       1001.00000    
  -6500.00000       0.00000000       1001.00000    
  -6250.00000       0.00000000       1001.00000    
  -6000.00000       0.00000000       1001.00000    
  -5750.00000       0.00000000       1001.00000    
  -5500.00000       0.00000000       1001.00000    
  -5250.00000       0.00000000       1001.00000    
  -5000.00000       0.00000000       1001.00000    
  -4750.00000       0.00000000       1001.00000    
  -4500.00000       0.00000000       1001.00000    
  -4250.00000       0.00000000       1001.00000    
  -4000.00000       0.00000000       1001.00000    
  -3750.00000       0.00000000       1001.00000    
  -3500.00000       0.00000000       1001.00000    
  -3250.00000       0.00000000       1001.00000    
  -3000.00000       0.00000000       1001.00000    
  -2750.00000       0.00000000       1001.00000    
  -2500.00000       0.00000000       1001.00000    
  -2250.00000       0.00000000       1001.00000    
  -2000.00000       0.00000000       1001.00000    
  -1750.00000       0.00000000       1001.00000    
  -1500.00000       0.00000000       1001.00000    
  -1250.00000       0.00000000       1001.00000    
  -1001.00000       0.00000000       1001.00000    
  -750.000000       0.00000000       1001.00000    
  -500.000000       0.00000000       1001.00000    
  -250.000000       0.00000000       1001.00000    
   0.10000000       0.00000000       1001.00000    
   250.000000       0.00000000       1001.00000
   500.000000       0.00000000       1001.00000    
   750.000000       0.00000000       1001.00000    
   1001.00000       0.00000000       1001.00000    
   1250.00000       0.00000000       1001.00000    
   1500.00000       0.00000000       1001.00000    
   1750.00000       0.00000000       1001.00000    
   2000.00000       0.00000000       1001.00000    
   2250.00000       0.00000000       1001.00000    
   2500.00000       0.00000000       1001.00000    
   2750.00000       0.00000000       1001.00000    
   3000.00000       0.00000000       1001.00000    
   3250.00000       0.00000000       1001.00000    
   3500.00000       0.00000000       1001.00000    
   3750.00000       0.00000000       1001.00000    
   4000.00000       0.00000000       1001.00000    
   4250.00000       0.00000000       1001.00000    
   4500.00000       0.00000000       1001.00000    
   4750.00000       0.00000000       1001.00000    
   5000.00000       0.00000000       1001.00000    
   5250.00000       0.00000000       1001.00000    
   5500.00000       0.00000000       1001.00000    
   5750.00000       0.00000000       1001.00000    
   6000.00000       0.00000000       1001.00000    
   6250.00000       0.00000000       1001.00000    
   6500.00000       0.00000000       1001.00000    
   6750.00000       0.00000000       1001.00000    
   7000.00000       0.00000000       1001.00000    
   7250.00000       0.00000000       1001.00000    
   7500.00000       0.00000000       1001.00000    
   7750.00000       0.00000000       1001.00000    
   8000.00000       0.00000000       1001.00000    
   8250.00000       0.00000000       1001.00000    
   8500.00000       0.00000000       1001.00000    
   8750.00000       0.00000000       1001.00000    
   9000.00000       0.00000000       1001.00000    
   9250.00000       0.00000000       1001.00000    
   9500.00000       0.00000000       1001.00000    
   9750.00000       0.00000000       1001.00000    
   10000.0000       0.00000000       1001.00000
